"Longitude (x)","Latitude (y)","Station Name","Climate ID","Date/Time","Year","Month","Day","Data Quality","Max Temp (°C)","Max Temp Flag","Min Temp (°C)","Min Temp Flag","Mean Temp (°C)","Mean Temp Flag","Heat Deg Days (°C)","Heat Deg Days Flag","Cool Deg Days (°C)","Cool Deg Days Flag","Total Rain (mm)","Total Rain Flag","Total Snow (cm)","Total Snow Flag","Total Precip (mm)","Total Precip Flag","Snow on Grnd (cm)","Snow on Grnd Flag","Dir of Max Gust (10s deg)","Dir of Max Gust Flag","Spd of Max Gust (km/h)","Spd of Max Gust Flag"
"-135.01","68.22","AKLAVIK A","2200100","1937-01-01","1937","01","01","","2.2","","-13.3","","-5.6","","23.6","","0.0","","0.0","","0.0","","0.0","","","","","","",""
"-135.01","68.22","AKLAVIK A","2200100","1937-01-02","1937","01","02","","-3.3","","-17.2","","-10.3","","28.3","","0.0","","0.0","","5.1","","5.1","","","","","","",""
"-135.01","68.22","AKLAVIK A","2200100","1937-01-03","1937","01","03","","-13.3","","-29.4","","-21.4","","39.4","","0.0","","0.0","","0.0","","0.0","","","","","","",""
"-135.01","68.22","AKLAVIK A","2200100","1937-01-04","1937","01","04","","-16.7","","-27.8","","-22.3","","40.3","","0.0","","0.0","","1.5","","1.5","","","","","","",""
"-135.01","68.22","AKLAVIK A","2200100","1937-01-05","1937","01","05","","-14.4","","-23.3","","-18.9","","36.9","","0.0","","0.0","","0.0","","0.0","","","","","","",""
"-135.01","68.22","AKLAVIK A","2200100","1937-01-06","1937","01","06","","-1.7","","-19.4","","-10.6","","28.6","","0.0","","0.0","","0.0","","0.0","","","","","","",""
"-135.01","68.22","AKLAVIK A","2200100","1937-01-07","1937","01","07","","-4.4","","-14.4","","-9.4","","27.4","","0.0","","0.0","","0.0","","0.0","","","","","","",""
"-135.01","68.22","AKLAVIK A","2200100","1937-01-08","1937","01","08","","-3.3","","-18.9","","-11.1","","29.1","","0.0","","0.0","","0.0","","0.0","","","","","","",""
"-135.01","68.22","AKLAVIK A","2200100","1937-01-09","1937","01","09","","-3.3","","-24.4","","-13.9","","31.9","","0.0","","0.0","","0.0","","0.0","","","","","","",""
"-135.01","68.22","AKLAVIK A","2200100","1937-01-10","1937","01","10","","-10.6","","-28.9","","-19.8","","37.8","","0.0","","0.0","","0.0","","0.0","","","","","","",""
"-135.01","68.22","AKLAVIK A","2200100","1937-01-11","1937","01","11","","-27.8","","-35.6","","-31.7","","49.7","","0.0","","0.0","","0.0","","0.0","","","","","","",""
"-135.01","68.22","AKLAVIK A","2200100","1937-01-12","1937","01","12","","-27.2","","-35.0","","-31.1","","49.1","","0.0","","0.0","","0.0","","0.0","","","","","","",""
"-135.01","68.22","AKLAVIK A","2200100","1937-01-13","1937","01","13","","-26.7","","-38.3","","-32.5","","50.5","","0.0","","0.0","","0.0","","0.0","","","","","","",""
"-135.01","68.22","AKLAVIK A","2200100","1937-01-14","1937","01","14","","-27.8","","-35.6","","-31.7","","49.7","","0.0","","0.0","","0.0","","0.0","","","","","","",""
"-135.01","68.22","AKLAVIK A","2200100","1937-01-15","1937","01","15","","-26.7","","-39.4","","-33.1","","51.1","","0.0","","0.0","","1.0","","1.0","","","","","","",""
"-135.01","68.22","AKLAVIK A","2200100","1937-01-16","1937","01","16","","-23.3","","-34.4","","-28.9","","46.9","","0.0","","0.0","","0.0","","0.0","","","","","","",""
"-135.01","68.22","AKLAVIK A","2200100","1937-01-17","1937","01","17","","-24.4","","-29.4","","-26.9","","44.9","","0.0","","0.0","","0.0","T","0.0","T","","","","","",""
"-135.01","68.22","AKLAVIK A","2200100","1937-01-18","1937","01","18","","-22.2","","-36.7","","-29.5","","47.5","","0.0","","0.0","","0.0","","0.0","","","","","","",""
"-135.01","68.22","AKLAVIK A","2200100","1937-01-19","1937","01","19","","-20.0","","-32.2","","-26.1","","44.1","","0.0","","0.0","","0.0","","0.0","","","","","","",""
"-135.01","68.22","AKLAVIK A","2200100","1937-01-20","1937","01","20","","-18.9","","-24.4","","-21.7","","39.7","","0.0","","0.0","","0.0","T","0.0","T","","","","","",""
"-135.01","68.22","AKLAVIK A","2200100","1937-01-21","1937","01","21","","-16.1","","-18.9","","-17.5","","35.5","","0.0","","0.0","","4.1","","4.1","","","","","","",""
"-135.01","68.22","AKLAVIK A","2200100","1937-01-22","1937","01","22","","-21.1","","-25.0","","-23.1","","41.1","","0.0","","0.0","","2.0","","2.0","","","","","","",""
"-135.01","68.22","AKLAVIK A","2200100","1937-01-23","1937","01","23","","-18.9","","-28.9","","-23.9","","41.9","","0.0","","0.0","","0.0","","0.0","","","","","","",""
"-135.01","68.22","AKLAVIK A","2200100","1937-01-24","1937","01","24","","-22.2","","-25.6","","-23.9","","41.9","","0.0","","0.0","","1.5","","1.5","","","","","","",""
"-135.01","68.22","AKLAVIK A","2200100","1937-01-25","1937","01","25","","-17.2","","-26.1","","-21.7","","39.7","","0.0","","0.0","","0.0","","0.0","","","","","","",""
"-135.01","68.22","AKLAVIK A","2200100","1937-01-26","1937","01","26","","-25.6","","-34.4","","-30.0","","48.0","","0.0","","0.0","","0.0","","0.0","","","","","","",""
"-135.01","68.22","AKLAVIK A","2200100","1937-01-27","1937","01","27","","-1.1","","-30.6","","-15.9","","33.9","","0.0","","0.0","","0.0","","0.0","","","","","","",""
"-135.01","68.22","AKLAVIK A","2200100","1937-01-28","1937","01","28","","-2.8","","-17.8","","-10.3","","28.3","","0.0","","0.0","","0.0","","0.0","","","","","","",""
"-135.01","68.22","AKLAVIK A","2200100","1937-01-29","1937","01","29","","-5.6","","-20.6","","-13.1","","31.1","","0.0","","0.0","","0.0","","0.0","","","","","","",""
"-135.01","68.22","AKLAVIK A","2200100","1937-01-30","1937","01","30","","-18.9","","-26.7","","-22.8","","40.8","","0.0","","0.0","","0.0","","0.0","","","","","","",""
"-135.01","68.22","AKLAVIK A","2200100","1937-01-31","1937","01","31","","-21.1","","-27.8","","-24.5","","42.5","","0.0","","0.0","","0.0","","0.0","","","","","","",""
"-135.01","68.22","AKLAVIK A","2200100","1937-02-01","1937","02","01","","-19.4","","-25.6","","-22.5","","40.5","","0.0","","0.0","","0.3","","0.3","","","","","","",""
"-135.01","68.22","AKLAVIK A","2200100","1937-02-02","1937","02","02","","-17.8","","-26.1","","-22.0","","40.0","","0.0","","0.0","","0.0","","0.0","","","","","","",""
"-135.01","68.22","AKLAVIK A","2200100","1937-02-03","1937","02","03","","-17.8","","-25.6","","-21.7","","39.7","","0.0","","0.0","","0.0","","0.0","","","","","","",""
"-135.01","68.22","AKLAVIK A","2200100","1937-02-04","1937","02","04","","-8.9","","-23.3","","-16.1","","34.1","","0.0","","0.0","","0.8","","0.8","","","","","","",""
"-135.01","68.22","AKLAVIK A","2200100","1937-02-05","1937","02","05","","-14.4","","-21.1","","-17.8","","35.8","","0.0","","0.0","","0.0","","0.0","","","","","","",""
"-135.01","68.22","AKLAVIK A","2200100","1937-02-06","1937","02","06","","-21.1","","-26.7","","-23.9","","41.9","","0.0","","0.0","","0.0","","0.0","","","","","","",""
"-135.01","68.22","AKLAVIK A","2200100","1937-02-07","1937","02","07","","-23.3","","-32.8","","-28.1","","46.1","","0.0","","0.0","","2.0","","2.0","","","","","","",""
"-135.01","68.22","AKLAVIK A","2200100","1937-02-08","1937","02","08","","-27.2","","-32.2","","-29.7","","47.7","","0.0","","0.0","","0.0","T","0.0","T","","","","","",""
"-135.01","68.22","AKLAVIK A","2200100","1937-02-09","1937","02","09","","-33.9","","-43.9","","-38.9","","56.9","","0.0","","0.0","","0.0","","0.0","","","","","","",""
"-135.01","68.22","AKLAVIK A","2200100","1937-02-10","1937","02","10","","-37.2","","-45.0","","-41.1","","59.1","","0.0","","0.0","","0.0","","0.0","","","","","","",""
"-135.01","68.22","AKLAVIK A","2200100","1937-02-11","1937","02","11","","-35.6","","-43.9","","-39.8","","57.8","","0.0","","0.0","","0.0","","0.0","","","","","","",""
"-135.01","68.22","AKLAVIK A","2200100","1937-02-12","1937","02","12","","-35.0","","-43.3","","-39.2","","57.2","","0.0","","0.0","","0.0","","0.0","","","","","","",""
"-135.01","68.22","AKLAVIK A","2200100","1937-02-13","1937","02","13","","-32.2","","-45.0","","-38.6","","56.6","","0.0","","0.0","","0.0","","0.0","","","","","","",""
"-135.01","68.22","AKLAVIK A","2200100","1937-02-14","1937","02","14","","-30.6","","-40.6","","-35.6","","53.6","","0.0","","0.0","","0.5","","0.5","","","","","","",""
"-135.01","68.22","AKLAVIK A","2200100","1937-02-15","1937","02","15","","-28.9","","-34.4","","-31.7","","49.7","","0.0","","0.0","","0.5","","0.5","","","","","","",""
"-135.01","68.22","AKLAVIK A","2200100","1937-02-16","1937","02","16","","-30.6","","-35.6","","-33.1","","51.1","","0.0","","0.0","","0.0","","0.0","","","","","","",""
"-135.01","68.22","AKLAVIK A","2200100","1937-02-17","1937","02","17","","-28.9","","-35.0","","-32.0","","50.0","","0.0","","0.0","","2.0","","2.0","","","","","","",""
"-135.01","68.22","AKLAVIK A","2200100","1937-02-18","1937","02","18","","-28.9","","-42.8","","-35.9","","53.9","","0.0","","0.0","","0.0","","0.0","","","","","","",""
"-135.01","68.22","AKLAVIK A","2200100","1937-02-19","1937","02","19","","-28.9","","-38.3","","-33.6","","51.6","","0.0","","0.0","","0.0","","0.0","","","","","","",""
"-135.01","68.22","AKLAVIK A","2200100","1937-02-20","1937","02","20","","-26.1","","-36.7","","-31.4","","49.4","","0.0","","0.0","","0.0","","0.0","","","","","","",""
"-135.01","68.22","AKLAVIK A","2200100","1937-02-21","1937","02","21","","-24.4","","-35.0","","-29.7","","47.7","","0.0","","0.0","","0.0","","0.0","","","","","","",""
"-135.01","68.22","AKLAVIK A","2200100","1937-02-22","1937","02","22","","-23.3","","-32.2","","-27.8","","45.8","","0.0","","0.0","","0.0","","0.0","","","","","","",""
"-135.01","68.22","AKLAVIK A","2200100","1937-02-23","1937","02","23","","-23.3","","-35.6","","-29.5","","47.5","","0.0","","0.0","","0.0","","0.0","","","","","","",""
"-135.01","68.22","AKLAVIK A","2200100","1937-02-24","1937","02","24","","-25.0","","-31.7","","-28.4","","46.4","","0.0","","0.0","","0.5","","0.5","","","","","","",""
"-135.01","68.22","AKLAVIK A","2200100","1937-02-25","1937","02","25","","-18.9","","-28.9","","-23.9","","41.9","","0.0","","0.0","","0.5","","0.5","","","","","","",""
"-135.01","68.22","AKLAVIK A","2200100","1937-02-26","1937","02","26","","-17.2","","-25.6","","-21.4","","39.4","","0.0","","0.0","","0.0","","0.0","","","","","","",""
"-135.01","68.22","AKLAVIK A","2200100","1937-02-27","1937","02","27","","-17.8","","-33.9","","-25.9","","43.9","","0.0","","0.0","","0.0","","0.0","","","","","","",""
"-135.01","68.22","AKLAVIK A","2200100","1937-02-28","1937","02","28","","-25.6","","-34.4","","-30.0","","48.0","","0.0","","0.0","","0.0","","0.0","","","","","","",""
"-135.01","68.22","AKLAVIK A","2200100","1937-03-01","1937","03","01","","-22.2","","-41.1","","-31.7","","49.7","","0.0","","0.0","","0.3","","0.3","","","","","","",""
"-135.01","68.22","AKLAVIK A","2200100","1937-03-02","1937","03","02","","-18.9","","-27.8","","-23.4","","41.4","","0.0","","0.0","","0.8","","0.8","","","","","","",""
"-135.01","68.22","AKLAVIK A","2200100","1937-03-03","1937","03","03","","-22.8","","-28.9","","-25.9","","43.9","","0.0","","0.0","","0.0","","0.0","","","","","","",""
"-135.01","68.22","AKLAVIK A","2200100","1937-03-04","1937","03","04","","-23.9","","-35.0","","-29.5","","47.5","","0.0","","0.0","","0.0","","0.0","","","","","","",""
"-135.01","68.22","AKLAVIK A","2200100","1937-03-05","1937","03","05","","-24.4","","-37.2","","-30.8","","48.8","","0.0","","0.0","","0.0","T","0.0","T","","","","","",""
"-135.01","68.22","AKLAVIK A","2200100","1937-03-06","1937","03","06","","-21.1","","-32.8","","-27.0","","45.0","","0.0","","0.0","","0.5","","0.5","","","","","","",""
"-135.01","68.22","AKLAVIK A","2200100","1937-03-07","1937","03","07","","-21.7","","-28.9","","-25.3","","43.3","","0.0","","0.0","","0.0","","0.0","","","","","","",""
"-135.01","68.22","AKLAVIK A","2200100","1937-03-08","1937","03","08","","-20.6","","-26.1","","-23.4","","41.4","","0.0","","0.0","","0.0","","0.0","","","","","","",""
"-135.01","68.22","AKLAVIK A","2200100","1937-03-09","1937","03","09","","-22.2","","-25.6","","-23.9","","41.9","","0.0","","0.0","","3.8","","3.8","","","","","","",""
"-135.01","68.22","AKLAVIK A","2200100","1937-03-10","1937","03","10","","-16.1","","-33.3","","-24.7","","42.7","","0.0","","0.0","","0.0","","0.0","","","","","","",""
"-135.01","68.22","AKLAVIK A","2200100","1937-03-11","1937","03","11","","-16.1","","-30.6","","-23.4","","41.4","","0.0","","0.0","","0.0","","0.0","","","","","","",""
"-135.01","68.22","AKLAVIK A","2200100","1937-03-12","1937","03","12","","-10.6","","-24.4","","-17.5","","35.5","","0.0","","0.0","","0.0","","0.0","","","","","","",""
"-135.01","68.22","AKLAVIK A","2200100","1937-03-13","1937","03","13","","-7.8","","-25.0","","-16.4","","34.4","","0.0","","0.0","","0.0","","0.0","","","","","","",""
"-135.01","68.22","AKLAVIK A","2200100","1937-03-14","1937","03","14","","-5.0","","-19.4","","-12.2","","30.2","","0.0","","0.0","","0.0","","0.0","","","","","","",""
"-135.01","68.22","AKLAVIK A","2200100","1937-03-15","1937","03","15","","0.0","","-16.1","","-8.1","","26.1","","0.0","","0.0","","0.0","","0.0","","","","","","",""
"-135.01","68.22","AKLAVIK A","2200100","1937-03-16","1937","03","16","","-5.6","","-13.9","","-9.8","","27.8","","0.0","","0.0","","0.0","","0.0","","","","","","",""
"-135.01","68.22","AKLAVIK A","2200100","1937-03-17","1937","03","17","","-7.2","","-15.6","","-11.4","","29.4","","0.0","","0.0","","0.0","","0.0","","","","","","",""
"-135.01","68.22","AKLAVIK A","2200100","1937-03-18","1937","03","18","","-1.1","","-12.8","","-7.0","","25.0","","0.0","","0.0","","0.0","","0.0","","","","","","",""
"-135.01","68.22","AKLAVIK A","2200100","1937-03-19","1937","03","19","","-12.8","","-23.3","","-18.1","","36.1","","0.0","","0.0","","5.1","","5.1","","","","","","",""
"-135.01","68.22","AKLAVIK A","2200100","1937-03-20","1937","03","20","","-17.2","","-20.6","","-18.9","","36.9","","0.0","","0.0","","12.7","","1.3","","","","","","",""
"-135.01","68.22","AKLAVIK A","2200100","1937-03-21","1937","03","21","","-16.7","","-23.3","","-20.0","","38.0","","0.0","","0.0","","0.0","","0.0","","","","","","",""
"-135.01","68.22","AKLAVIK A","2200100","1937-03-22","1937","03","22","","-16.7","","-22.2","","-19.5","","37.5","","0.0","","0.0","","5.1","","5.1","","","","","","",""
"-135.01","68.22","AKLAVIK A","2200100","1937-03-23","1937","03","23","","-22.8","","-26.7","","-24.8","","42.8","","0.0","","0.0","","0.0","","0.0","","","","","","",""
"-135.01","68.22","AKLAVIK A","2200100","1937-03-24","1937","03","24","","-24.4","","-29.4","","-26.9","","44.9","","0.0","","0.0","","0.0","","0.0","","","","","","",""
"-135.01","68.22","AKLAVIK A","2200100","1937-03-25","1937","03","25","","-22.2","","-28.9","","-25.6","","43.6","","0.0","","0.0","","0.0","","0.0","","","","","","",""
"-135.01","68.22","AKLAVIK A","2200100","1937-03-26","1937","03","26","","-17.8","","-28.3","","-23.1","","41.1","","0.0","","0.0","","0.0","","0.0","","","","","","",""
"-135.01","68.22","AKLAVIK A","2200100","1937-03-27","1937","03","27","","-15.6","","-35.6","","-25.6","","43.6","","0.0","","0.0","","0.0","","0.0","","","","","","",""
"-135.01","68.22","AKLAVIK A","2200100","1937-03-28","1937","03","28","","-13.3","","-32.2","","-22.8","","40.8","","0.0","","0.0","","0.0","","0.0","","","","","","",""
"-135.01","68.22","AKLAVIK A","2200100","1937-03-29","1937","03","29","","-10.6","","-28.9","","-19.8","","37.8","","0.0","","0.0","","0.0","","0.0","","","","","","",""
"-135.01","68.22","AKLAVIK A","2200100","1937-03-30","1937","03","30","","-19.4","","-31.7","","-25.6","","43.6","","0.0","","0.0","","0.0","","0.0","","","","","","",""
"-135.01","68.22","AKLAVIK A","2200100","1937-03-31","1937","03","31","","-16.7","","-28.9","","-22.8","","40.8","","0.0","","0.0","","0.0","","0.0","","","","","","",""
"-135.01","68.22","AKLAVIK A","2200100","1937-04-01","1937","04","01","","-17.2","","-30.6","","-23.9","","41.9","","0.0","","0.0","","0.0","","0.0","","","","","","",""
"-135.01","68.22","AKLAVIK A","2200100","1937-04-02","1937","04","02","","-25.0","","-30.6","","-27.8","","45.8","","0.0","","0.0","","0.0","","0.0","","","","","","",""
"-135.01","68.22","AKLAVIK A","2200100","1937-04-03","1937","04","03","","-22.2","","-39.4","","-30.8","","48.8","","0.0","","0.0","","0.0","","0.0","","","","","","",""
"-135.01","68.22","AKLAVIK A","2200100","1937-04-04","1937","04","04","","-17.2","","-30.0","","-23.6","","41.6","","0.0","","0.0","","0.0","","0.0","","","","","","",""
"-135.01","68.22","AKLAVIK A","2200100","1937-04-05","1937","04","05","","-15.6","","-23.9","","-19.8","","37.8","","0.0","","0.0","","0.0","","0.0","","","","","","",""
"-135.01","68.22","AKLAVIK A","2200100","1937-04-06","1937","04","06","","-10.6","","-27.2","","-18.9","","36.9","","0.0","","0.0","","0.0","","0.0","","","","","","",""
"-135.01","68.22","AKLAVIK A","2200100","1937-04-07","1937","04","07","","-5.6","","-23.3","","-14.5","","32.5","","0.0","","0.0","","0.0","","0.0","","","","","","",""
"-135.01","68.22","AKLAVIK A","2200100","1937-04-08","1937","04","08","","-6.1","","-14.4","","-10.3","","28.3","","0.0","","0.0","","0.0","","0.0","","","","","","",""
"-135.01","68.22","AKLAVIK A","2200100","1937-04-09","1937","04","09","","-12.2","","-18.3","","-15.3","","33.3","","0.0","","0.0","","0.8","","0.8","","","","","","",""
"-135.01","68.22","AKLAVIK A","2200100","1937-04-10","1937","04","10","","-15.0","","-18.3","","-16.7","","34.7","","0.0","","0.0","","0.5","","0.5","","","","","","",""
"-135.01","68.22","AKLAVIK A","2200100","1937-04-11","1937","04","11","","-8.9","","-22.2","","-15.6","","33.6","","0.0","","0.0","","0.0","","0.0","","","","","","",""
"-135.01","68.22","AKLAVIK A","2200100","1937-04-12","1937","04","12","","-6.1","","-20.6","","-13.4","","31.4","","0.0","","0.0","","0.0","","0.0","","","","","","",""
"-135.01","68.22","AKLAVIK A","2200100","1937-04-13","1937","04","13","","-8.9","","-17.8","","-13.4","","31.4","","0.0","","0.0","","0.0","","0.0","","","","","","",""
"-135.01","68.22","AKLAVIK A","2200100","1937-04-14","1937","04","14","","-11.1","","-16.7","","-13.9","","31.9","","0.0","","0.0","","0.3","","0.3","","","","","","",""
"-135.01","68.22","AKLAVIK A","2200100","1937-04-15","1937","04","15","","-13.9","","-20.0","","-17.0","","35.0","","0.0","","0.0","","0.3","","0.3","","","","","","",""
"-135.01","68.22","AKLAVIK A","2200100","1937-04-16","1937","04","16","","-8.9","","-27.8","","-18.4","","36.4","","0.0","","0.0","","0.0","","0.0","","","","","","",""
"-135.01","68.22","AKLAVIK A","2200100","1937-04-17","1937","04","17","","-1.1","","-14.4","","-7.8","","25.8","","0.0","","0.0","","0.0","","0.0","","","","","","",""
"-135.01","68.22","AKLAVIK A","2200100","1937-04-18","1937","04","18","","-10.6","","-16.7","","-13.7","","31.7","","0.0","","0.0","","0.0","","0.0","","","","","","",""
"-135.01","68.22","AKLAVIK A","2200100","1937-04-19","1937","04","19","","-13.3","","-17.8","","-15.6","","33.6","","0.0","","0.0","","0.5","","0.5","","","","","","",""
"-135.01","68.22","AKLAVIK A","2200100","1937-04-20","1937","04","20","","-8.9","","-19.4","","-14.2","","32.2","","0.0","","0.0","","1.0","","1.0","","","","","","",""
"-135.01","68.22","AKLAVIK A","2200100","1937-04-21","1937","04","21","","-2.8","","-16.7","","-9.8","","27.8","","0.0","","0.0","","0.0","","0.0","","","","","","",""
"-135.01","68.22","AKLAVIK A","2200100","1937-04-22","1937","04","22","","-13.3","","-17.8","","-15.6","","33.6","","0.0","","0.0","","0.0","","0.0","","","","","","",""
"-135.01","68.22","AKLAVIK A","2200100","1937-04-23","1937","04","23","","-7.2","","-26.1","","-16.7","","34.7","","0.0","","0.0","","0.0","","0.0","","","","","","",""
"-135.01","68.22","AKLAVIK A","2200100","1937-04-24","1937","04","24","","0.0","","-20.6","","-10.3","","28.3","","0.0","","0.0","","0.5","","0.5","","","","","","",""
"-135.01","68.22","AKLAVIK A","2200100","1937-04-25","1937","04","25","","3.3","","-12.8","","-4.8","","22.8","","0.0","","0.0","","0.0","","0.0","","","","","","",""
"-135.01","68.22","AKLAVIK A","2200100","1937-04-26","1937","04","26","","1.1","","-13.3","","-6.1","","24.1","","0.0","","0.0","","0.0","","0.0","","","","","","",""
"-135.01","68.22","AKLAVIK A","2200100","1937-04-27","1937","04","27","","3.9","","-20.6","","-8.4","","26.4","","0.0","","0.0","","0.0","","0.0","","","","","","",""
"-135.01","68.22","AKLAVIK A","2200100","1937-04-28","1937","04","28","","-7.2","","-14.4","","-10.8","","28.8","","0.0","","0.0","","2.0","","2.0","","","","","","",""
"-135.01","68.22","AKLAVIK A","2200100","1937-04-29","1937","04","29","","-10.0","","-14.4","","-12.2","","30.2","","0.0","","0.0","","6.4","","6.4","","","","","","",""
"-135.01","68.22","AKLAVIK A","2200100","1937-04-30","1937","04","30","","-8.3","","-15.6","","-12.0","","30.0","","0.0","","0.0","","0.0","","0.0","","","","","","",""
"-135.01","68.22","AKLAVIK A","2200100","1937-05-01","1937","05","01","","3.3","","-20.0","","-8.4","","26.4","","0.0","","0.0","","0.0","","0.0","","","","","","",""
"-135.01","68.22","AKLAVIK A","2200100","1937-05-02","1937","05","02","","10.0","","-13.3","","-1.7","","19.7","","0.0","","0.0","","0.0","","0.0","","","","","","",""
"-135.01","68.22","AKLAVIK A","2200100","1937-05-03","1937","05","03","","12.2","","-6.7","","2.8","","15.2","","0.0","","0.0","","0.0","","0.0","","","","","","",""
"-135.01","68.22","AKLAVIK A","2200100","1937-05-04","1937","05","04","","2.8","","-6.1","","-1.7","","19.7","","0.0","","0.0","","0.0","","0.0","","","","","","",""
"-135.01","68.22","AKLAVIK A","2200100","1937-05-05","1937","05","05","","1.1","","-6.1","","-2.5","","20.5","","0.0","","0.0","","0.5","","0.5","","","","","","",""
"-135.01","68.22","AKLAVIK A","2200100","1937-05-06","1937","05","06","","-2.8","","-11.7","","-7.3","","25.3","","0.0","","0.0","","0.0","","0.0","","","","","","",""
"-135.01","68.22","AKLAVIK A","2200100","1937-05-07","1937","05","07","","-7.2","","-12.2","","-9.7","","27.7","","0.0","","0.0","","0.5","","0.5","","","","","","",""
"-135.01","68.22","AKLAVIK A","2200100","1937-05-08","1937","05","08","","-1.7","","-15.0","","-8.4","","26.4","","0.0","","0.0","","0.3","","0.3","","","","","","",""
"-135.01","68.22","AKLAVIK A","2200100","1937-05-09","1937","05","09","","5.6","","-10.0","","-2.2","","20.2","","0.0","","0.0","","0.0","","0.0","","","","","","",""
"-135.01","68.22","AKLAVIK A","2200100","1937-05-10","1937","05","10","","5.6","","-12.8","","-3.6","","21.6","","0.0","","0.0","","0.0","","0.0","","","","","","",""
"-135.01","68.22","AKLAVIK A","2200100","1937-05-11","1937","05","11","","-1.1","","-10.0","","-5.6","","23.6","","0.0","","0.0","","0.0","","0.0","","","","","","",""
"-135.01","68.22","AKLAVIK A","2200100","1937-05-12","1937","05","12","","-2.8","","-11.1","","-7.0","","25.0","","0.0","","0.0","","1.5","","1.5","","","","","","",""
"-135.01","68.22","AKLAVIK A","2200100","1937-05-13","1937","05","13","","-3.9","","-7.8","","-5.9","","23.9","","0.0","","0.0","","2.0","","2.0","","","","","","",""
"-135.01","68.22","AKLAVIK A","2200100","1937-05-14","1937","05","14","","-3.3","","-8.9","","-6.1","","24.1","","0.0","","0.0","","0.5","","0.5","","","","","","",""
"-135.01","68.22","AKLAVIK A","2200100","1937-05-15","1937","05","15","","-3.9","","-10.0","","-7.0","","25.0","","0.0","","0.0","","1.5","","1.5","","","","","","",""
"-135.01","68.22","AKLAVIK A","2200100","1937-05-16","1937","05","16","","-1.1","","-15.0","","-8.1","","26.1","","0.0","","0.0","","0.0","","0.0","","","","","","",""
"-135.01","68.22","AKLAVIK A","2200100","1937-05-17","1937","05","17","","4.4","","-14.4","","-5.0","","23.0","","0.0","","0.0","","0.0","","0.0","","","","","","",""
"-135.01","68.22","AKLAVIK A","2200100","1937-05-18","1937","05","18","","-3.9","","-13.9","","-8.9","","26.9","","0.0","","0.0","","0.0","","0.0","","","","","","",""
"-135.01","68.22","AKLAVIK A","2200100","1937-05-19","1937","05","19","","-3.3","","-11.1","","-7.2","","25.2","","0.0","","0.0","","0.0","","0.0","","","","","","",""
"-135.01","68.22","AKLAVIK A","2200100","1937-05-20","1937","05","20","","6.1","","-12.2","","-3.1","","21.1","","0.0","","0.0","","0.0","","0.0","","","","","","",""
"-135.01","68.22","AKLAVIK A","2200100","1937-05-21","1937","05","21","","10.0","","-1.7","","4.2","","13.8","","0.0","","0.0","","0.0","","0.0","","","","","","",""
"-135.01","68.22","AKLAVIK A","2200100","1937-05-22","1937","05","22","","1.1","","-7.8","","-3.4","","21.4","","0.0","","0.0","","0.0","","0.0","","","","","","",""
"-135.01","68.22","AKLAVIK A","2200100","1937-05-23","1937","05","23","","1.1","","-7.8","","-3.4","","21.4","","0.0","","0.0","","0.0","","0.0","","","","","","",""
"-135.01","68.22","AKLAVIK A","2200100","1937-05-24","1937","05","24","","2.2","","-7.8","","-2.8","","20.8","","0.0","","0.0","","0.0","","0.0","","","","","","",""
"-135.01","68.22","AKLAVIK A","2200100","1937-05-25","1937","05","25","","6.7","","-5.6","","0.6","","17.4","","0.0","","0.0","","0.0","","0.0","","","","","","",""
"-135.01","68.22","AKLAVIK A","2200100","1937-05-26","1937","05","26","","5.6","","-3.3","","1.2","","16.8","","0.0","","0.0","","0.0","","0.0","","","","","","",""
"-135.01","68.22","AKLAVIK A","2200100","1937-05-27","1937","05","27","","4.4","","-2.8","","0.8","","17.2","","0.0","","0.0","","0.0","","0.0","","","","","","",""
"-135.01","68.22","AKLAVIK A","2200100","1937-05-28","1937","05","28","","5.6","","-1.1","","2.3","","15.7","","0.0","","0.0","","0.0","","0.0","","","","","","",""
"-135.01","68.22","AKLAVIK A","2200100","1937-05-29","1937","05","29","","4.4","","-6.7","","-1.2","","19.2","","0.0","","0.0","","0.0","","0.0","","","","","","",""
"-135.01","68.22","AKLAVIK A","2200100","1937-05-30","1937","05","30","","11.1","","-3.9","","3.6","","14.4","","0.0","","2.5","","0.0","","2.5","","","","","","",""
"-135.01","68.22","AKLAVIK A","2200100","1937-05-31","1937","05","31","","4.4","","-1.1","","1.7","","16.3","","0.0","","0.0","","0.0","","0.0","","","","","","",""
"-135.01","68.22","AKLAVIK A","2200100","1937-06-01","1937","06","01","","4.4","","-2.2","","1.1","","16.9","","0.0","","0.0","","0.0","","0.0","","","","","","",""
"-135.01","68.22","AKLAVIK A","2200100","1937-06-02","1937","06","02","","2.8","","-3.3","","-0.3","","18.3","","0.0","","0.0","","0.0","","0.0","","","","","","",""
"-135.01","68.22","AKLAVIK A","2200100","1937-06-03","1937","06","03","","6.7","","-2.8","","2.0","","16.0","","0.0","","0.0","","0.0","","0.0","","","","","","",""
"-135.01","68.22","AKLAVIK A","2200100","1937-06-04","1937","06","04","","15.0","","-3.3","","5.9","","12.1","","0.0","","0.0","","0.0","","0.0","","","","","","",""
"-135.01","68.22","AKLAVIK A","2200100","1937-06-05","1937","06","05","","14.4","","0.0","","7.2","","10.8","","0.0","","0.0","","0.0","","0.0","","","","","","",""
"-135.01","68.22","AKLAVIK A","2200100","1937-06-06","1937","06","06","","18.3","","0.0","","9.2","","8.8","","0.0","","0.0","","0.0","","0.0","","","","","","",""
"-135.01","68.22","AKLAVIK A","2200100","1937-06-07","1937","06","07","","20.0","","1.7","","10.9","","7.1","","0.0","","0.0","","0.0","","0.0","","","","","","",""
"-135.01","68.22","AKLAVIK A","2200100","1937-06-08","1937","06","08","","23.3","","4.4","","13.9","","4.1","","0.0","","0.0","","0.0","","0.0","","","","","","",""
"-135.01","68.22","AKLAVIK A","2200100","1937-06-09","1937","06","09","","14.4","","0.0","","7.2","","10.8","","0.0","","0.0","","0.0","","0.0","","","","","","",""
"-135.01","68.22","AKLAVIK A","2200100","1937-06-10","1937","06","10","","26.1","","3.9","","15.0","","3.0","","0.0","","0.0","","0.0","","0.0","","","","","","",""
"-135.01","68.22","AKLAVIK A","2200100","1937-06-11","1937","06","11","","15.6","","1.7","","8.7","","9.3","","0.0","","0.0","","0.0","","0.0","","","","","","",""
"-135.01","68.22","AKLAVIK A","2200100","1937-06-12","1937","06","12","","17.2","","1.7","","9.5","","8.5","","0.0","","0.0","","0.0","","0.0","","","","","","",""
"-135.01","68.22","AKLAVIK A","2200100","1937-06-13","1937","06","13","","23.3","","5.6","","14.5","","3.5","","0.0","","0.0","","0.0","","0.0","","","","","","",""
"-135.01","68.22","AKLAVIK A","2200100","1937-06-14","1937","06","14","","14.4","","5.6","","10.0","","8.0","","0.0","","0.0","","0.0","","0.0","","","","","","",""
"-135.01","68.22","AKLAVIK A","2200100","1937-06-15","1937","06","15","","14.4","","3.3","","8.9","","9.1","","0.0","","0.0","","0.0","","0.0","","","","","","",""
"-135.01","68.22","AKLAVIK A","2200100","1937-06-16","1937","06","16","","20.6","","4.4","","12.5","","5.5","","0.0","","0.0","","0.0","","0.0","","","","","","",""
"-135.01","68.22","AKLAVIK A","2200100","1937-06-17","1937","06","17","","25.6","","8.9","","17.3","","0.7","","0.0","","0.0","","0.0","","0.0","","","","","","",""
"-135.01","68.22","AKLAVIK A","2200100","1937-06-18","1937","06","18","","27.2","","13.3","","20.3","","0.0","","2.3","","0.0","","0.0","","0.0","","","","","","",""
"-135.01","68.22","AKLAVIK A","2200100","1937-06-19","1937","06","19","","21.1","","11.1","","16.1","","1.9","","0.0","","0.0","","0.0","","0.0","","","","","","",""
"-135.01","68.22","AKLAVIK A","2200100","1937-06-20","1937","06","20","","19.4","","8.3","","13.9","","4.1","","0.0","","0.0","","0.0","","0.0","","","","","","",""
"-135.01","68.22","AKLAVIK A","2200100","1937-06-21","1937","06","21","","15.0","","7.8","","11.4","","6.6","","0.0","","1.0","","0.0","","1.0","","","","","","",""
"-135.01","68.22","AKLAVIK A","2200100","1937-06-22","1937","06","22","","6.1","","1.7","","3.9","","14.1","","0.0","","1.0","","0.0","","1.0","","","","","","",""
"-135.01","68.22","AKLAVIK A","2200100","1937-06-23","1937","06","23","","8.3","","-1.7","","3.3","","14.7","","0.0","","0.0","","0.0","","0.0","","","","","","",""
"-135.01","68.22","AKLAVIK A","2200100","1937-06-24","1937","06","24","","13.3","","3.3","","8.3","","9.7","","0.0","","0.0","","0.0","","0.0","","","","","","",""
"-135.01","68.22","AKLAVIK A","2200100","1937-06-25","1937","06","25","","17.8","","5.6","","11.7","","6.3","","0.0","","0.0","","0.0","","0.0","","","","","","",""
"-135.01","68.22","AKLAVIK A","2200100","1937-06-26","1937","06","26","","18.9","","5.0","","12.0","","6.0","","0.0","","3.3","","0.0","","3.3","","","","","","",""
"-135.01","68.22","AKLAVIK A","2200100","1937-06-27","1937","06","27","","18.9","","8.3","","13.6","","4.4","","0.0","","0.8","","0.0","","0.8","","","","","","",""
"-135.01","68.22","AKLAVIK A","2200100","1937-06-28","1937","06","28","","15.0","","5.0","","10.0","","8.0","","0.0","","0.0","","0.0","","0.0","","","","","","",""
"-135.01","68.22","AKLAVIK A","2200100","1937-06-29","1937","06","29","","18.9","","5.0","","12.0","","6.0","","0.0","","0.0","","0.0","","0.0","","","","","","",""
"-135.01","68.22","AKLAVIK A","2200100","1937-06-30","1937","06","30","","22.8","","8.9","","15.9","","2.1","","0.0","","0.0","","0.0","","0.0","","","","","","",""
"-135.01","68.22","AKLAVIK A","2200100","1937-07-01","1937","07","01","","21.1","","13.3","","17.2","","0.8","","0.0","","1.0","","0.0","","1.0","","","","","","",""
"-135.01","68.22","AKLAVIK A","2200100","1937-07-02","1937","07","02","","8.3","","2.8","","5.6","","12.4","","0.0","","1.0","","0.0","","1.0","","","","","","",""
"-135.01","68.22","AKLAVIK A","2200100","1937-07-03","1937","07","03","","10.6","","2.2","","6.4","","11.6","","0.0","","1.5","","0.0","","1.5","","","","","","",""
"-135.01","68.22","AKLAVIK A","2200100","1937-07-04","1937","07","04","","13.3","","3.3","","8.3","","9.7","","0.0","","0.0","","0.0","","0.0","","","","","","",""
"-135.01","68.22","AKLAVIK A","2200100","1937-07-05","1937","07","05","","18.3","","5.6","","12.0","","6.0","","0.0","","0.0","","0.0","","0.0","","","","","","",""
"-135.01","68.22","AKLAVIK A","2200100","1937-07-06","1937","07","06","","21.1","","8.3","","14.7","","3.3","","0.0","","0.0","","0.0","","0.0","","","","","","",""
"-135.01","68.22","AKLAVIK A","2200100","1937-07-07","1937","07","07","","22.8","","11.1","","17.0","","1.0","","0.0","","0.0","T","0.0","","0.0","T","","","","","",""
"-135.01","68.22","AKLAVIK A","2200100","1937-07-08","1937","07","08","","22.8","","11.1","","17.0","","1.0","","0.0","","0.0","","0.0","","0.0","","","","","","",""
"-135.01","68.22","AKLAVIK A","2200100","1937-07-09","1937","07","09","","20.6","","10.6","","15.6","","2.4","","0.0","","0.0","","0.0","","0.0","","","","","","",""
"-135.01","68.22","AKLAVIK A","2200100","1937-07-10","1937","07","10","","22.2","","11.1","","16.7","","1.3","","0.0","","0.0","","0.0","","0.0","","","","","","",""
"-135.01","68.22","AKLAVIK A","2200100","1937-07-11","1937","07","11","","20.6","","11.7","","16.2","","1.8","","0.0","","0.0","","0.0","","0.0","","","","","","",""
"-135.01","68.22","AKLAVIK A","2200100","1937-07-12","1937","07","12","","17.2","","8.9","","13.1","","4.9","","0.0","","0.0","","0.0","","0.0","","","","","","",""
"-135.01","68.22","AKLAVIK A","2200100","1937-07-13","1937","07","13","","15.6","","8.3","","12.0","","6.0","","0.0","","0.5","","0.0","","0.5","","","","","","",""
"-135.01","68.22","AKLAVIK A","2200100","1937-07-14","1937","07","14","","21.1","","8.9","","15.0","","3.0","","0.0","","6.4","","0.0","","6.4","","","","","","",""
"-135.01","68.22","AKLAVIK A","2200100","1937-07-15","1937","07","15","","21.1","","11.1","","16.1","","1.9","","0.0","","0.0","","0.0","","0.0","","","","","","",""
"-135.01","68.22","AKLAVIK A","2200100","1937-07-16","1937","07","16","","23.9","","12.8","","18.4","","0.0","","0.4","","0.8","","0.0","","0.8","","","","","","",""
"-135.01","68.22","AKLAVIK A","2200100","1937-07-17","1937","07","17","","23.3","","11.7","","17.5","","0.5","","0.0","","4.6","","0.0","","4.6","","","","","","",""
"-135.01","68.22","AKLAVIK A","2200100","1937-07-18","1937","07","18","","17.8","","8.9","","13.4","","4.6","","0.0","","0.0","","0.0","","0.0","","","","","","",""
"-135.01","68.22","AKLAVIK A","2200100","1937-07-19","1937","07","19","","17.8","","7.8","","12.8","","5.2","","0.0","","0.0","","0.0","","0.0","","","","","","",""
"-135.01","68.22","AKLAVIK A","2200100","1937-07-20","1937","07","20","","21.1","","7.2","","14.2","","3.8","","0.0","","0.0","","0.0","","0.0","","","","","","",""
"-135.01","68.22","AKLAVIK A","2200100","1937-07-21","1937","07","21","","22.2","","8.9","","15.6","","2.4","","0.0","","0.0","","0.0","","0.0","","","","","","",""
"-135.01","68.22","AKLAVIK A","2200100","1937-07-22","1937","07","22","","21.1","","9.4","","15.3","","2.7","","0.0","","0.0","","0.0","","0.0","","","","","","",""
"-135.01","68.22","AKLAVIK A","2200100","1937-07-23","1937","07","23","","21.7","","8.9","","15.3","","2.7","","0.0","","0.0","","0.0","","0.0","","","","","","",""
"-135.01","68.22","AKLAVIK A","2200100","1937-07-24","1937","07","24","","17.8","","11.1","","14.5","","3.5","","0.0","","0.5","","0.0","","0.5","","","","","","",""
"-135.01","68.22","AKLAVIK A","2200100","1937-07-25","1937","07","25","","14.4","","11.1","","12.8","","5.2","","0.0","","2.5","","0.0","","2.5","","","","","","",""
"-135.01","68.22","AKLAVIK A","2200100","1937-07-26","1937","07","26","","15.0","","4.4","","9.7","","8.3","","0.0","","0.0","","0.0","","0.0","","","","","","",""
"-135.01","68.22","AKLAVIK A","2200100","1937-07-27","1937","07","27","","17.8","","8.9","","13.4","","4.6","","0.0","","0.0","","0.0","","0.0","","","","","","",""
"-135.01","68.22","AKLAVIK A","2200100","1937-07-28","1937","07","28","","10.6","","4.4","","7.5","","10.5","","0.0","","1.0","","0.0","","1.0","","","","","","",""
"-135.01","68.22","AKLAVIK A","2200100","1937-07-29","1937","07","29","","7.8","","2.2","","5.0","","13.0","","0.0","","0.0","","0.0","","0.0","","","","","","",""
"-135.01","68.22","AKLAVIK A","2200100","1937-07-30","1937","07","30","","10.0","","-0.6","","4.7","","13.3","","0.0","","0.0","","0.0","","0.0","","","","","","",""
"-135.01","68.22","AKLAVIK A","2200100","1937-07-31","1937","07","31","","13.9","","1.7","","7.8","","10.2","","0.0","","0.0","","0.0","","0.0","","","","","","",""
"-135.01","68.22","AKLAVIK A","2200100","1937-08-01","1937","08","01","","14.4","","5.6","","10.0","","8.0","","0.0","","0.0","T","0.0","","0.0","T","","","","","",""
"-135.01","68.22","AKLAVIK A","2200100","1937-08-02","1937","08","02","","12.2","","4.4","","8.3","","9.7","","0.0","","0.3","","0.0","","0.3","","","","","","",""
"-135.01","68.22","AKLAVIK A","2200100","1937-08-03","1937","08","03","","12.2","","6.1","","9.2","","8.8","","0.0","","2.3","","0.0","","2.3","","","","","","",""
"-135.01","68.22","AKLAVIK A","2200100","1937-08-04","1937","08","04","","10.0","","2.8","","6.4","","11.6","","0.0","","2.0","","0.0","","2.0","","","","","","",""
"-135.01","68.22","AKLAVIK A","2200100","1937-08-05","1937","08","05","","10.0","","0.6","","5.3","","12.7","","0.0","","1.5","","0.0","","1.5","","","","","","",""
"-135.01","68.22","AKLAVIK A","2200100","1937-08-06","1937","08","06","","12.8","","0.0","","6.4","","11.6","","0.0","","2.0","","0.0","","2.0","","","","","","",""
"-135.01","68.22","AKLAVIK A","2200100","1937-08-07","1937","08","07","","10.0","","3.3","","6.7","","11.3","","0.0","","1.5","","0.0","","1.5","","","","","","",""
"-135.01","68.22","AKLAVIK A","2200100","1937-08-08","1937","08","08","","11.1","","2.2","","6.7","","11.3","","0.0","","0.0","","0.0","","0.0","","","","","","",""
"-135.01","68.22","AKLAVIK A","2200100","1937-08-09","1937","08","09","","10.0","","2.8","","6.4","","11.6","","0.0","","0.0","","0.0","","0.0","","","","","","",""
"-135.01","68.22","AKLAVIK A","2200100","1937-08-10","1937","08","10","","15.6","","4.4","","10.0","","8.0","","0.0","","0.0","","0.0","","0.0","","","","","","",""
"-135.01","68.22","AKLAVIK A","2200100","1937-08-11","1937","08","11","","15.6","","7.2","","11.4","","6.6","","0.0","","0.0","","0.0","","0.0","","","","","","",""
"-135.01","68.22","AKLAVIK A","2200100","1937-08-12","1937","08","12","","16.7","","5.6","","11.2","","6.8","","0.0","","0.0","","0.0","","0.0","","","","","","",""
"-135.01","68.22","AKLAVIK A","2200100","1937-08-13","1937","08","13","","22.2","","7.2","","14.7","","3.3","","0.0","","0.0","","0.0","","0.0","","","","","","",""
"-135.01","68.22","AKLAVIK A","2200100","1937-08-14","1937","08","14","","13.3","","8.9","","11.1","","6.9","","0.0","","0.0","","0.0","","0.0","","","","","","",""
"-135.01","68.22","AKLAVIK A","2200100","1937-08-15","1937","08","15","","16.1","","4.4","","10.3","","7.7","","0.0","","0.0","","0.0","","0.0","","","","","","",""
"-135.01","68.22","AKLAVIK A","2200100","1937-08-16","1937","08","16","","17.8","","6.7","","12.3","","5.7","","0.0","","0.0","","0.0","","0.0","","","","","","",""
"-135.01","68.22","AKLAVIK A","2200100","1937-08-17","1937","08","17","","17.8","","6.1","","12.0","","6.0","","0.0","","3.0","","0.0","","3.0","","","","","","",""
"-135.01","68.22","AKLAVIK A","2200100","1937-08-18","1937","08","18","","16.1","","7.2","","11.7","","6.3","","0.0","","0.0","","0.0","","0.0","","","","","","",""
"-135.01","68.22","AKLAVIK A","2200100","1937-08-19","1937","08","19","","15.6","","6.7","","11.2","","6.8","","0.0","","0.0","","0.0","","0.0","","","","","","",""
"-135.01","68.22","AKLAVIK A","2200100","1937-08-20","1937","08","20","","11.1","","5.0","","8.1","","9.9","","0.0","","0.0","","0.0","","0.0","","","","","","",""
"-135.01","68.22","AKLAVIK A","2200100","1937-08-21","1937","08","21","","14.4","","4.4","","9.4","","8.6","","0.0","","0.0","","0.0","","0.0","","","","","","",""
"-135.01","68.22","AKLAVIK A","2200100","1937-08-22","1937","08","22","","13.9","","6.1","","10.0","","8.0","","0.0","","0.0","","0.0","","0.0","","","","","","",""
"-135.01","68.22","AKLAVIK A","2200100","1937-08-23","1937","08","23","","14.4","","7.2","","10.8","","7.2","","0.0","","0.0","","0.0","","0.0","","","","","","",""
"-135.01","68.22","AKLAVIK A","2200100","1937-08-24","1937","08","24","","11.1","","4.4","","7.8","","10.2","","0.0","","0.0","","0.0","","0.0","","","","","","",""
"-135.01","68.22","AKLAVIK A","2200100","1937-08-25","1937","08","25","","11.1","","1.7","","6.4","","11.6","","0.0","","0.0","","0.0","","0.0","","","","","","",""
"-135.01","68.22","AKLAVIK A","2200100","1937-08-26","1937","08","26","","6.7","","1.1","","3.9","","14.1","","0.0","","1.5","","0.0","","1.5","","","","","","",""
"-135.01","68.22","AKLAVIK A","2200100","1937-08-27","1937","08","27","","12.2","","1.1","","6.7","","11.3","","0.0","","0.0","","0.0","","0.0","","","","","","",""
"-135.01","68.22","AKLAVIK A","2200100","1937-08-28","1937","08","28","","11.1","","4.4","","7.8","","10.2","","0.0","","0.0","","0.0","","0.0","","","","","","",""
"-135.01","68.22","AKLAVIK A","2200100","1937-08-29","1937","08","29","","10.0","","1.7","","5.9","","12.1","","0.0","","0.0","","0.0","","0.0","","","","","","",""
"-135.01","68.22","AKLAVIK A","2200100","1937-08-30","1937","08","30","","8.9","","-1.1","","3.9","","14.1","","0.0","","0.0","","0.0","","0.0","","","","","","",""
"-135.01","68.22","AKLAVIK A","2200100","1937-08-31","1937","08","31","","10.0","","0.0","","5.0","","13.0","","0.0","","0.0","","0.0","","0.0","","","","","","",""
"-135.01","68.22","AKLAVIK A","2200100","1937-09-01","1937","09","01","","10.0","","4.4","","7.2","","10.8","","0.0","","0.0","","0.0","","0.0","","","","","","",""
"-135.01","68.22","AKLAVIK A","2200100","1937-09-02","1937","09","02","","13.3","","2.2","","7.8","","10.2","","0.0","","0.0","","0.0","","0.0","","","","","","",""
"-135.01","68.22","AKLAVIK A","2200100","1937-09-03","1937","09","03","","13.3","","3.9","","8.6","","9.4","","0.0","","1.0","","0.0","","1.0","","","","","","",""
"-135.01","68.22","AKLAVIK A","2200100","1937-09-04","1937","09","04","","12.8","","3.3","","8.1","","9.9","","0.0","","1.0","","0.0","","1.0","","","","","","",""
"-135.01","68.22","AKLAVIK A","2200100","1937-09-05","1937","09","05","","20.0","","7.8","","13.9","","4.1","","0.0","","0.0","","0.0","","0.0","","","","","","",""
"-135.01","68.22","AKLAVIK A","2200100","1937-09-06","1937","09","06","","11.1","","4.4","","7.8","","10.2","","0.0","","0.0","","0.0","","0.0","","","","","","",""
"-135.01","68.22","AKLAVIK A","2200100","1937-09-07","1937","09","07","","6.7","","3.3","","5.0","","13.0","","0.0","","0.0","","0.0","","0.0","","","","","","",""
"-135.01","68.22","AKLAVIK A","2200100","1937-09-08","1937","09","08","","7.2","","-1.1","","3.1","","14.9","","0.0","","0.0","","0.0","","0.0","","","","","","",""
"-135.01","68.22","AKLAVIK A","2200100","1937-09-09","1937","09","09","","10.0","","1.7","","5.9","","12.1","","0.0","","0.0","","0.0","","0.0","","","","","","",""
"-135.01","68.22","AKLAVIK A","2200100","1937-09-10","1937","09","10","","8.9","","3.3","","6.1","","11.9","","0.0","","0.0","","0.0","","0.0","","","","","","",""
"-135.01","68.22","AKLAVIK A","2200100","1937-09-11","1937","09","11","","10.0","","3.3","","6.7","","11.3","","0.0","","0.0","","0.0","","0.0","","","","","","",""
"-135.01","68.22","AKLAVIK A","2200100","1937-09-12","1937","09","12","","6.7","","2.2","","4.5","","13.5","","0.0","","1.0","","0.0","","1.0","","","","","","",""
"-135.01","68.22","AKLAVIK A","2200100","1937-09-13","1937","09","13","","6.7","","0.0","","3.4","","14.6","","0.0","","2.5","","0.0","","2.5","","","","","","",""
"-135.01","68.22","AKLAVIK A","2200100","1937-09-14","1937","09","14","","6.7","","0.0","","3.4","","14.6","","0.0","","0.0","","0.0","","0.0","","","","","","",""
"-135.01","68.22","AKLAVIK A","2200100","1937-09-15","1937","09","15","","8.9","","0.0","","4.5","","13.5","","0.0","","0.0","","0.0","","0.0","","","","","","",""
"-135.01","68.22","AKLAVIK A","2200100","1937-09-16","1937","09","16","","12.2","","3.3","","7.8","","10.2","","0.0","","0.0","","0.0","","0.0","","","","","","",""
"-135.01","68.22","AKLAVIK A","2200100","1937-09-17","1937","09","17","","18.9","","3.3","","11.1","","6.9","","0.0","","0.0","","0.0","","0.0","","","","","","",""
"-135.01","68.22","AKLAVIK A","2200100","1937-09-18","1937","09","18","","5.6","","1.1","","3.4","","14.6","","0.0","","0.0","","0.0","","0.0","","","","","","",""
"-135.01","68.22","AKLAVIK A","2200100","1937-09-19","1937","09","19","","2.2","","-1.1","","0.6","","17.4","","0.0","","0.0","","2.5","","2.5","","","","","","",""
"-135.01","68.22","AKLAVIK A","2200100","1937-09-20","1937","09","20","","","M","-2.2","","","M","","M","","M","0.0","","0.0","","0.0","","","","","","",""
"-135.01","68.22","AKLAVIK A","2200100","1937-09-21","1937","09","21","","","M","","M","","M","","M","","M","0.0","","0.0","","0.0","","","","","","",""
"-135.01","68.22","AKLAVIK A","2200100","1937-09-22","1937","09","22","","8.3","","-2.8","","2.8","","15.2","","0.0","","0.0","","0.0","","0.0","","","","","","",""
"-135.01","68.22","AKLAVIK A","2200100","1937-09-23","1937","09","23","","3.3","","0.0","","1.7","","16.3","","0.0","","2.5","","0.0","","2.5","","","","","","",""
"-135.01","68.22","AKLAVIK A","2200100","1937-09-24","1937","09","24","","3.3","","0.0","","1.7","","16.3","","0.0","","0.5","","0.0","","0.5","","","","","","",""
"-135.01","68.22","AKLAVIK A","2200100","1937-09-25","1937","09","25","","5.0","","-0.6","","2.2","","15.8","","0.0","","0.0","","0.0","","0.0","","","","","","",""
"-135.01","68.22","AKLAVIK A","2200100","1937-09-26","1937","09","26","","2.2","","-0.6","","0.8","","17.2","","0.0","","0.0","","0.0","","0.0","","","","","","",""
"-135.01","68.22","AKLAVIK A","2200100","1937-09-27","1937","09","27","","2.8","","-2.8","","0.0","","18.0","","0.0","","0.0","","0.3","","0.3","","","","","","",""
"-135.01","68.22","AKLAVIK A","2200100","1937-09-28","1937","09","28","","3.3","","-2.2","","0.6","","17.4","","0.0","","0.0","","0.0","T","0.0","T","","","","","",""
"-135.01","68.22","AKLAVIK A","2200100","1937-09-29","1937","09","29","","2.2","","0.0","","1.1","","16.9","","0.0","","0.8","","0.8","","1.5","","","","","","",""
"-135.01","68.22","AKLAVIK A","2200100","1937-09-30","1937","09","30","","0.6","","-1.7","","-0.6","","18.6","","0.0","","0.0","","2.5","","2.5","","","","","","",""
"-135.01","68.22","AKLAVIK A","2200100","1937-10-01","1937","10","01","","1.1","","-2.8","","-0.9","","18.9","","0.0","","0.0","","0.0","","0.0","","","","","","",""
"-135.01","68.22","AKLAVIK A","2200100","1937-10-02","1937","10","02","","1.1","","-3.3","","-1.1","","19.1","","0.0","","0.0","","0.0","","0.0","","","","","","",""
"-135.01","68.22","AKLAVIK A","2200100","1937-10-03","1937","10","03","","2.8","","-0.6","","1.1","","16.9","","0.0","","1.0","","0.0","","1.0","","","","","","",""
"-135.01","68.22","AKLAVIK A","2200100","1937-10-04","1937","10","04","","2.8","","-1.1","","0.9","","17.1","","0.0","","0.0","","0.0","","0.0","","","","","","",""
"-135.01","68.22","AKLAVIK A","2200100","1937-10-05","1937","10","05","","3.9","","0.0","","2.0","","16.0","","0.0","","0.0","","0.5","","0.5","","","","","","",""
"-135.01","68.22","AKLAVIK A","2200100","1937-10-06","1937","10","06","","0.0","","-1.1","","-0.6","","18.6","","0.0","","0.0","","5.1","","5.1","","","","","","",""
"-135.01","68.22","AKLAVIK A","2200100","1937-10-07","1937","10","07","","0.0","","-2.2","","-1.1","","19.1","","0.0","","0.0","","0.0","","0.0","","","","","","",""
"-135.01","68.22","AKLAVIK A","2200100","1937-10-08","1937","10","08","","-2.2","","-8.3","","-5.3","","23.3","","0.0","","0.0","","0.0","","0.0","","","","","","",""
"-135.01","68.22","AKLAVIK A","2200100","1937-10-09","1937","10","09","","-3.3","","-7.8","","-5.6","","23.6","","0.0","","0.0","","0.0","","0.0","","","","","","",""
"-135.01","68.22","AKLAVIK A","2200100","1937-10-10","1937","10","10","","-0.6","","-7.8","","-4.2","","22.2","","0.0","","0.0","","0.0","","0.0","","","","","","",""
"-135.01","68.22","AKLAVIK A","2200100","1937-10-11","1937","10","11","","-1.1","","-7.8","","-4.5","","22.5","","0.0","","0.0","","0.0","","0.0","","","","","","",""
"-135.01","68.22","AKLAVIK A","2200100","1937-10-12","1937","10","12","","-1.1","","-9.4","","-5.3","","23.3","","0.0","","0.0","","0.0","","0.0","","","","","","",""
"-135.01","68.22","AKLAVIK A","2200100","1937-10-13","1937","10","13","","-3.3","","-10.6","","-7.0","","25.0","","0.0","","0.0","","0.0","","0.0","","","","","","",""
"-135.01","68.22","AKLAVIK A","2200100","1937-10-14","1937","10","14","","-1.1","","-5.6","","-3.4","","21.4","","0.0","","0.0","","7.6","","7.6","","","","","","",""
"-135.01","68.22","AKLAVIK A","2200100","1937-10-15","1937","10","15","","-1.1","","-3.3","","-2.2","","20.2","","0.0","","0.0","","5.1","","5.1","","","","","","",""
"-135.01","68.22","AKLAVIK A","2200100","1937-10-16","1937","10","16","","-1.7","","-11.1","","-6.4","","24.4","","0.0","","0.0","","0.0","","0.0","","","","","","",""
"-135.01","68.22","AKLAVIK A","2200100","1937-10-17","1937","10","17","","-1.1","","-6.7","","-3.9","","21.9","","0.0","","0.0","","0.0","T","0.0","T","","","","","",""
"-135.01","68.22","AKLAVIK A","2200100","1937-10-18","1937","10","18","","-3.9","","-6.1","","-5.0","","23.0","","0.0","","0.0","","0.3","","0.3","","","","","","",""
"-135.01","68.22","AKLAVIK A","2200100","1937-10-19","1937","10","19","","-2.2","","-7.8","","-5.0","","23.0","","0.0","","0.0","","0.3","","0.3","","","","","","",""
"-135.01","68.22","AKLAVIK A","2200100","1937-10-20","1937","10","20","","-4.4","","-6.7","","-5.6","","23.6","","0.0","","0.0","","0.0","T","0.0","T","","","","","",""
"-135.01","68.22","AKLAVIK A","2200100","1937-10-21","1937","10","21","","-4.4","","-7.8","","-6.1","","24.1","","0.0","","0.0","","3.6","","3.6","","","","","","",""
"-135.01","68.22","AKLAVIK A","2200100","1937-10-22","1937","10","22","","-5.0","","-8.9","","-7.0","","25.0","","0.0","","0.0","","2.5","","2.5","","","","","","",""
"-135.01","68.22","AKLAVIK A","2200100","1937-10-23","1937","10","23","","-2.8","","-7.8","","-5.3","","23.3","","0.0","","0.0","","0.0","","0.0","","","","","","",""
"-135.01","68.22","AKLAVIK A","2200100","1937-10-24","1937","10","24","","-3.3","","-8.3","","-5.8","","23.8","","0.0","","0.0","","0.0","","0.0","","","","","","",""
"-135.01","68.22","AKLAVIK A","2200100","1937-10-25","1937","10","25","","-5.0","","-8.9","","-7.0","","25.0","","0.0","","0.0","","0.0","","0.0","","","","","","",""
"-135.01","68.22","AKLAVIK A","2200100","1937-10-26","1937","10","26","","-6.1","","-11.1","","-8.6","","26.6","","0.0","","0.0","","0.0","","0.0","","","","","","",""
"-135.01","68.22","AKLAVIK A","2200100","1937-10-27","1937","10","27","","-10.0","","-13.3","","-11.7","","29.7","","0.0","","0.0","","0.0","T","0.0","T","","","","","",""
"-135.01","68.22","AKLAVIK A","2200100","1937-10-28","1937","10","28","","-12.2","","-15.6","","-13.9","","31.9","","0.0","","0.0","","0.0","","0.0","","","","","","",""
"-135.01","68.22","AKLAVIK A","2200100","1937-10-29","1937","10","29","","-15.0","","-18.9","","-17.0","","35.0","","0.0","","0.0","","0.0","","0.0","","","","","","",""
"-135.01","68.22","AKLAVIK A","2200100","1937-10-30","1937","10","30","","-11.1","","-23.3","","-17.2","","35.2","","0.0","","0.0","","0.0","","0.0","","","","","","",""
"-135.01","68.22","AKLAVIK A","2200100","1937-10-31","1937","10","31","","-9.4","","-14.4","","-11.9","","29.9","","0.0","","0.0","","0.0","","0.0","","","","","","",""
"-135.01","68.22","AKLAVIK A","2200100","1937-11-01","1937","11","01","","-6.7","","-15.0","","-10.9","","28.9","","0.0","","0.0","","0.0","","0.0","","","","","","",""
"-135.01","68.22","AKLAVIK A","2200100","1937-11-02","1937","11","02","","-6.7","","-14.4","","-10.6","","28.6","","0.0","","0.0","","0.0","T","0.0","T","","","","","",""
"-135.01","68.22","AKLAVIK A","2200100","1937-11-03","1937","11","03","","-7.2","","-11.1","","-9.2","","27.2","","0.0","","0.0","","6.6","","6.6","","","","","","",""
"-135.01","68.22","AKLAVIK A","2200100","1937-11-04","1937","11","04","","-7.2","","-10.6","","-8.9","","26.9","","0.0","","0.0","","0.0","T","0.0","T","","","","","",""
"-135.01","68.22","AKLAVIK A","2200100","1937-11-05","1937","11","05","","-5.6","","-11.1","","-8.4","","26.4","","0.0","","0.0","","2.5","","2.5","","","","","","",""
"-135.01","68.22","AKLAVIK A","2200100","1937-11-06","1937","11","06","","-13.9","","-21.1","","-17.5","","35.5","","0.0","","0.0","","0.0","","0.0","","","","","","",""
"-135.01","68.22","AKLAVIK A","2200100","1937-11-07","1937","11","07","","-7.2","","-22.2","","-14.7","","32.7","","0.0","","0.0","","0.0","T","0.0","T","","","","","",""
"-135.01","68.22","AKLAVIK A","2200100","1937-11-08","1937","11","08","","-11.1","","-16.1","","-13.6","","31.6","","0.0","","0.0","","0.3","","0.3","","","","","","",""
"-135.01","68.22","AKLAVIK A","2200100","1937-11-09","1937","11","09","","-11.1","","-23.9","","-17.5","","35.5","","0.0","","0.0","","0.0","","0.0","","","","","","",""
"-135.01","68.22","AKLAVIK A","2200100","1937-11-10","1937","11","10","","-2.2","","-18.3","","-10.3","","28.3","","0.0","","0.0","","0.0","","0.0","","","","","","",""
"-135.01","68.22","AKLAVIK A","2200100","1937-11-11","1937","11","11","","-5.0","","-11.1","","-8.1","","26.1","","0.0","","0.0","","0.0","","0.0","","","","","","",""
"-135.01","68.22","AKLAVIK A","2200100","1937-11-12","1937","11","12","","-5.0","","-7.8","","-6.4","","24.4","","0.0","","0.0","","0.0","","0.0","","","","","","",""
"-135.01","68.22","AKLAVIK A","2200100","1937-11-13","1937","11","13","","-8.9","","-15.6","","-12.3","","30.3","","0.0","","0.0","","0.0","","0.0","","","","","","",""
"-135.01","68.22","AKLAVIK A","2200100","1937-11-14","1937","11","14","","-2.2","","-14.4","","-8.3","","26.3","","0.0","","0.0","","0.0","","0.0","","","","","","",""
"-135.01","68.22","AKLAVIK A","2200100","1937-11-15","1937","11","15","","-2.2","","-20.0","","-11.1","","29.1","","0.0","","0.0","","0.0","","0.0","","","","","","",""
"-135.01","68.22","AKLAVIK A","2200100","1937-11-16","1937","11","16","","-3.3","","-15.6","","-9.5","","27.5","","0.0","","0.0","","0.0","","0.0","","","","","","",""
"-135.01","68.22","AKLAVIK A","2200100","1937-11-17","1937","11","17","","-4.4","","-16.7","","-10.6","","28.6","","0.0","","0.0","","0.0","","0.0","","","","","","",""
"-135.01","68.22","AKLAVIK A","2200100","1937-11-18","1937","11","18","","-5.6","","-17.8","","-11.7","","29.7","","0.0","","0.0","","0.0","","0.0","","","","","","",""
"-135.01","68.22","AKLAVIK A","2200100","1937-11-19","1937","11","19","","-14.4","","-17.8","","-16.1","","34.1","","0.0","","0.0","","0.0","","0.0","","","","","","",""
"-135.01","68.22","AKLAVIK A","2200100","1937-11-20","1937","11","20","","-15.0","","-18.9","","-17.0","","35.0","","0.0","","0.0","","0.0","","0.0","","","","","","",""
"-135.01","68.22","AKLAVIK A","2200100","1937-11-21","1937","11","21","","-17.8","","-20.6","","-19.2","","37.2","","0.0","","0.0","","0.0","","0.0","","","","","","",""
"-135.01","68.22","AKLAVIK A","2200100","1937-11-22","1937","11","22","","-18.9","","-27.8","","-23.4","","41.4","","0.0","","0.0","","0.0","","0.0","","","","","","",""
"-135.01","68.22","AKLAVIK A","2200100","1937-11-23","1937","11","23","","-15.6","","-30.6","","-23.1","","41.1","","0.0","","0.0","","0.0","","0.0","","","","","","",""
"-135.01","68.22","AKLAVIK A","2200100","1937-11-24","1937","11","24","","-18.3","","-25.6","","-22.0","","40.0","","0.0","","0.0","","0.0","","0.0","","","","","","",""
"-135.01","68.22","AKLAVIK A","2200100","1937-11-25","1937","11","25","","-18.9","","-24.4","","-21.7","","39.7","","0.0","","0.0","","0.0","","0.0","","","","","","",""
"-135.01","68.22","AKLAVIK A","2200100","1937-11-26","1937","11","26","","-23.3","","-31.1","","-27.2","","45.2","","0.0","","0.0","","0.0","","0.0","","","","","","",""
"-135.01","68.22","AKLAVIK A","2200100","1937-11-27","1937","11","27","","-28.3","","-31.1","","-29.7","","47.7","","0.0","","0.0","","0.0","","0.0","","","","","","",""
"-135.01","68.22","AKLAVIK A","2200100","1937-11-28","1937","11","28","","-25.6","","-32.2","","-28.9","","46.9","","0.0","","0.0","","0.0","","0.0","","","","","","",""
"-135.01","68.22","AKLAVIK A","2200100","1937-11-29","1937","11","29","","-20.6","","-30.6","","-25.6","","43.6","","0.0","","0.0","","0.0","","0.0","","","","","","",""
"-135.01","68.22","AKLAVIK A","2200100","1937-11-30","1937","11","30","","-15.6","","-27.2","","-21.4","","39.4","","0.0","","0.0","","5.1","","5.1","","","","","","",""
"-135.01","68.22","AKLAVIK A","2200100","1937-12-01","1937","12","01","","-16.1","","-18.3","","-17.2","","35.2","","0.0","","0.0","","1.8","","1.8","","","","","","",""
"-135.01","68.22","AKLAVIK A","2200100","1937-12-02","1937","12","02","","-13.9","","-27.2","","-20.6","","38.6","","0.0","","0.0","","0.3","","0.3","","","","","","",""
"-135.01","68.22","AKLAVIK A","2200100","1937-12-03","1937","12","03","","-13.9","","-28.3","","-21.1","","39.1","","0.0","","0.0","","5.1","","5.1","","","","","","",""
"-135.01","68.22","AKLAVIK A","2200100","1937-12-04","1937","12","04","","-25.0","","-33.3","","-29.2","","47.2","","0.0","","0.0","","0.0","","0.0","","","","","","",""
"-135.01","68.22","AKLAVIK A","2200100","1937-12-05","1937","12","05","","-25.6","","-33.3","","-29.5","","47.5","","0.0","","0.0","","0.0","","0.0","","","","","","",""
"-135.01","68.22","AKLAVIK A","2200100","1937-12-06","1937","12","06","","-21.7","","-33.3","","-27.5","","45.5","","0.0","","0.0","","0.0","","0.0","","","","","","",""
"-135.01","68.22","AKLAVIK A","2200100","1937-12-07","1937","12","07","","-16.1","","-29.4","","-22.8","","40.8","","0.0","","0.0","","0.0","","0.0","","","","","","",""
"-135.01","68.22","AKLAVIK A","2200100","1937-12-08","1937","12","08","","-18.9","","-28.9","","-23.9","","41.9","","0.0","","0.0","","0.0","","0.0","","","","","","",""
"-135.01","68.22","AKLAVIK A","2200100","1937-12-09","1937","12","09","","-22.8","","-27.2","","-25.0","","43.0","","0.0","","0.0","","1.3","","1.3","","","","","","",""
"-135.01","68.22","AKLAVIK A","2200100","1937-12-10","1937","12","10","","-23.9","","-27.2","","-25.6","","43.6","","0.0","","0.0","","2.0","","2.0","","","","","","",""
"-135.01","68.22","AKLAVIK A","2200100","1937-12-11","1937","12","11","","-34.4","","-38.3","","-36.4","","54.4","","0.0","","0.0","","0.0","","0.0","","","","","","",""
"-135.01","68.22","AKLAVIK A","2200100","1937-12-12","1937","12","12","","-16.7","","-43.3","","-30.0","","48.0","","0.0","","0.0","","0.0","","0.0","","","","","","",""
"-135.01","68.22","AKLAVIK A","2200100","1937-12-13","1937","12","13","","-16.7","","-38.9","","-27.8","","45.8","","0.0","","0.0","","0.0","","0.0","","","","","","",""
"-135.01","68.22","AKLAVIK A","2200100","1937-12-14","1937","12","14","","-24.4","","-32.8","","-28.6","","46.6","","0.0","","0.0","","0.0","","0.0","","","","","","",""
"-135.01","68.22","AKLAVIK A","2200100","1937-12-15","1937","12","15","","-26.7","","-30.6","","-28.7","","46.7","","0.0","","0.0","","0.0","","0.0","","","","","","",""
"-135.01","68.22","AKLAVIK A","2200100","1937-12-16","1937","12","16","","-22.8","","-31.7","","-27.3","","45.3","","0.0","","0.0","","0.0","","0.0","","","","","","",""
"-135.01","68.22","AKLAVIK A","2200100","1937-12-17","1937","12","17","","-25.6","","-30.0","","-27.8","","45.8","","0.0","","0.0","","0.0","","0.0","","","","","","",""
"-135.01","68.22","AKLAVIK A","2200100","1937-12-18","1937","12","18","","-16.7","","-32.2","","-24.5","","42.5","","0.0","","0.0","","0.0","","0.0","","","","","","",""
"-135.01","68.22","AKLAVIK A","2200100","1937-12-19","1937","12","19","","-16.7","","-28.9","","-22.8","","40.8","","0.0","","0.0","","2.5","","2.5","","","","","","",""
"-135.01","68.22","AKLAVIK A","2200100","1937-12-20","1937","12","20","","-18.3","","-22.2","","-20.3","","38.3","","0.0","","0.0","","3.8","","3.8","","","","","","",""
"-135.01","68.22","AKLAVIK A","2200100","1937-12-21","1937","12","21","","-2.8","","-28.9","","-15.9","","33.9","","0.0","","0.0","","1.0","","1.0","","","","","","",""
"-135.01","68.22","AKLAVIK A","2200100","1937-12-22","1937","12","22","","-3.9","","-15.6","","-9.8","","27.8","","0.0","","0.0","","8.6","","8.6","","","","","","",""
"-135.01","68.22","AKLAVIK A","2200100","1937-12-23","1937","12","23","","-12.8","","-20.0","","-16.4","","34.4","","0.0","","0.0","","6.4","","6.4","","","","","","",""
"-135.01","68.22","AKLAVIK A","2200100","1937-12-24","1937","12","24","","-14.4","","-20.6","","-17.5","","35.5","","0.0","","0.0","","11.4","","11.4","","","","","","",""
"-135.01","68.22","AKLAVIK A","2200100","1937-12-25","1937","12","25","","-23.3","","-24.4","","-23.9","","41.9","","0.0","","0.0","","0.5","","0.5","","","","","","",""
"-135.01","68.22","AKLAVIK A","2200100","1937-12-26","1937","12","26","","-30.6","","-38.3","","-34.5","","52.5","","0.0","","0.0","","0.0","","0.0","","","","","","",""
"-135.01","68.22","AKLAVIK A","2200100","1937-12-27","1937","12","27","","-35.6","","-38.3","","-37.0","","55.0","","0.0","","0.0","","0.0","","0.0","","","","","","",""
"-135.01","68.22","AKLAVIK A","2200100","1937-12-28","1937","12","28","","-42.2","","-43.9","","-43.1","","61.1","","0.0","","0.0","","0.0","","0.0","","","","","","",""
"-135.01","68.22","AKLAVIK A","2200100","1937-12-29","1937","12","29","","-45.6","","-46.7","","-46.2","","64.2","","0.0","","0.0","","0.0","","0.0","","","","","","",""
"-135.01","68.22","AKLAVIK A","2200100","1937-12-30","1937","12","30","","-44.4","","-47.2","","-45.8","","63.8","","0.0","","0.0","","0.0","","0.0","","","","","","",""
"-135.01","68.22","AKLAVIK A","2200100","1937-12-31","1937","12","31","","-40.0","","-46.1","","-43.1","","61.1","","0.0","","0.0","","0.0","","0.0","","","","","","",""
